130776
93099
93257
92961
93006
93303
93016
92978
93018
93145
93148
93044
425672
120053
93127
410238
93197
92953
320930
92976
93088
93107
93137
297586
93414
93359
93026
270828
93029
93048
230641
116357
93247
93270
92955
511157
92951
93365
93051
92994
93269
93065
93138
93243
148420
93144
93015
93041
92929
92991
93097
92927
279175
93159
93245
93343
235613
92984
93155
92980
120048
93333
93255
93186
92982
93060
514434
93150
93293
93033
93398
148416
93368
93339
93118
93199
93142
425549
93248
93087
93092
93089
