92984
130776
93099
93257
92961
93018
93006
93150
93398
297586
93145
93148
93044
270825
120053
93127
410238
93197
92953
320930
92976
93088
93107
93137
93414
93359
93026
93029
93091
93048
230641
116357
93247
93270
92955
120049
511157
92951
92978
93051
92994
93269
93065
93138
93243
288416
148420
93144
270817
93015
93041
92929
92991
93097
92927
279175
93159
93245
93073
235613
93343
469622
93155
92980
120048
93333
93255
93186
92982
93060
514434
425672
93293
93033
270828
148416
93368
93016
93118
92898
93199
93142
425549
93248
93087
93092
93089
